,combinations,train accuracy,val accuracy
0,"(200, 4000, 256, 0.001, 0.001)",0.6648571428571428,0.53
1,"(200, 4000, 256, 0.001, 0.0001)",0.6659387755102041,0.544
2,"(200, 4000, 256, 0.0001, 0.001)",0.4122857142857143,0.42
3,"(200, 4000, 256, 0.0001, 0.0001)",0.4123061224489796,0.42
4,"(200, 4000, 512, 0.001, 0.001)",0.6327551020408163,0.534
5,"(200, 4000, 512, 0.001, 0.0001)",0.6330816326530613,0.536
6,"(200, 4000, 512, 0.0001, 0.001)",0.3720204081632653,0.373
7,"(200, 4000, 512, 0.0001, 0.0001)",0.37195918367346936,0.373
8,"(200, 5000, 256, 0.001, 0.001)",0.6922857142857143,0.531
9,"(200, 5000, 256, 0.001, 0.0001)",0.6947142857142857,0.523
10,"(200, 5000, 256, 0.0001, 0.001)",0.42506122448979594,0.431
11,"(200, 5000, 256, 0.0001, 0.0001)",0.4251632653061225,0.431
12,"(200, 5000, 512, 0.001, 0.001)",0.6431836734693878,0.54
13,"(200, 5000, 512, 0.001, 0.0001)",0.6431632653061224,0.542
14,"(200, 5000, 512, 0.0001, 0.001)",0.3769795918367347,0.379
15,"(200, 5000, 512, 0.0001, 0.0001)",0.377,0.379
16,"(250, 4000, 256, 0.001, 0.001)",0.6776938775510204,0.553
17,"(250, 4000, 256, 0.001, 0.0001)",0.6768571428571428,0.551
18,"(250, 4000, 256, 0.0001, 0.001)",0.41551020408163264,0.422
19,"(250, 4000, 256, 0.0001, 0.0001)",0.4152448979591837,0.421
20,"(250, 4000, 512, 0.001, 0.001)",0.6375306122448979,0.546
21,"(250, 4000, 512, 0.001, 0.0001)",0.6389591836734694,0.543
22,"(250, 4000, 512, 0.0001, 0.001)",0.3737142857142857,0.375
23,"(250, 4000, 512, 0.0001, 0.0001)",0.3737142857142857,0.375
24,"(250, 5000, 256, 0.001, 0.001)",0.7113673469387755,0.563
25,"(250, 5000, 256, 0.001, 0.0001)",0.7107755102040816,0.54
26,"(250, 5000, 256, 0.0001, 0.001)",0.4269387755102041,0.434
27,"(250, 5000, 256, 0.0001, 0.0001)",0.42681632653061224,0.434
28,"(250, 5000, 512, 0.001, 0.001)",0.6486122448979592,0.548
29,"(250, 5000, 512, 0.001, 0.0001)",0.6505714285714286,0.553
30,"(250, 5000, 512, 0.0001, 0.001)",0.3787755102040816,0.383
31,"(250, 5000, 512, 0.0001, 0.0001)",0.3787551020408163,0.383
