,combinations,train accuracy,val accuracy
0,"(200, 4000, 128, 0.001, 0.001)",0.6211020408163266,0.516
1,"(200, 4000, 128, 0.001, 0.0001)",0.6319591836734694,0.506
2,"(200, 4000, 128, 0.0001, 0.001)",0.4362448979591837,0.452
3,"(200, 4000, 128, 0.0001, 0.0001)",0.4390612244897959,0.446
4,"(200, 4000, 256, 0.001, 0.001)",0.6701428571428572,0.539
5,"(200, 4000, 256, 0.001, 0.0001)",0.6708367346938775,0.554
6,"(200, 4000, 256, 0.0001, 0.001)",0.4133673469387755,0.422
7,"(200, 4000, 256, 0.0001, 0.0001)",0.4136734693877551,0.423
8,"(200, 4000, 512, 0.001, 0.001)",0.6312448979591837,0.543
9,"(200, 4000, 512, 0.001, 0.0001)",0.6326938775510204,0.531
10,"(200, 4000, 512, 0.0001, 0.001)",0.3731632653061224,0.375
11,"(200, 4000, 512, 0.0001, 0.0001)",0.37012244897959184,0.382
12,"(200, 5000, 128, 0.001, 0.001)",0.6682653061224489,0.523
13,"(200, 5000, 128, 0.001, 0.0001)",0.6673061224489796,0.535
14,"(200, 5000, 128, 0.0001, 0.001)",0.45277551020408163,0.457
15,"(200, 5000, 128, 0.0001, 0.0001)",0.45251020408163267,0.454
16,"(200, 5000, 256, 0.001, 0.001)",0.702469387755102,0.54
17,"(200, 5000, 256, 0.001, 0.0001)",0.6950612244897959,0.534
18,"(200, 5000, 256, 0.0001, 0.001)",0.4263265306122449,0.435
19,"(200, 5000, 256, 0.0001, 0.0001)",0.4266326530612245,0.431
20,"(200, 5000, 512, 0.001, 0.001)",0.6424285714285715,0.558
21,"(200, 5000, 512, 0.001, 0.0001)",0.6441428571428571,0.541
22,"(200, 5000, 512, 0.0001, 0.001)",0.3765918367346939,0.379
23,"(200, 5000, 512, 0.0001, 0.0001)",0.37651020408163266,0.381
24,"(250, 4000, 128, 0.001, 0.001)",0.6048775510204082,0.508
25,"(250, 4000, 128, 0.001, 0.0001)",0.6348163265306123,0.522
26,"(250, 4000, 128, 0.0001, 0.001)",0.4389183673469388,0.451
27,"(250, 4000, 128, 0.0001, 0.0001)",0.44040816326530613,0.447
28,"(250, 4000, 256, 0.001, 0.001)",0.6739795918367347,0.532
29,"(250, 4000, 256, 0.001, 0.0001)",0.677734693877551,0.548
30,"(250, 4000, 256, 0.0001, 0.001)",0.4153061224489796,0.415
31,"(250, 4000, 256, 0.0001, 0.0001)",0.41451020408163264,0.425
32,"(250, 4000, 512, 0.001, 0.001)",0.639734693877551,0.542
33,"(250, 4000, 512, 0.001, 0.0001)",0.6395306122448979,0.535
34,"(250, 4000, 512, 0.0001, 0.001)",0.3739387755102041,0.378
35,"(250, 4000, 512, 0.0001, 0.0001)",0.37381632653061225,0.382
36,"(250, 5000, 128, 0.001, 0.001)",0.6788979591836735,0.534
37,"(250, 5000, 128, 0.001, 0.0001)",0.6701632653061225,0.546
38,"(250, 5000, 128, 0.0001, 0.001)",0.4547551020408163,0.463
39,"(250, 5000, 128, 0.0001, 0.0001)",0.45581632653061227,0.46
40,"(250, 5000, 256, 0.001, 0.001)",0.7087551020408164,0.543
41,"(250, 5000, 256, 0.001, 0.0001)",0.7064081632653061,0.558
42,"(250, 5000, 256, 0.0001, 0.001)",0.42544897959183675,0.436
43,"(250, 5000, 256, 0.0001, 0.0001)",0.4264081632653061,0.434
44,"(250, 5000, 512, 0.001, 0.001)",0.6502040816326531,0.54
45,"(250, 5000, 512, 0.001, 0.0001)",0.6500408163265307,0.543
46,"(250, 5000, 512, 0.0001, 0.001)",0.37924489795918365,0.377
47,"(250, 5000, 512, 0.0001, 0.0001)",0.37787755102040815,0.379
